529
4
1
100
-0.95999
-0.95999
-0.95999
-0.95999
-0.95199
-0.94399
-0.935991
-0.927991
-0.919991
-0.903991
-0.887992
-0.871992
-0.855993
-0.839993
-0.82666
-0.813327
-0.799994
-0.789994
-0.779994
-0.769995
-0.759995
-0.746662
-0.733329
-0.719996
-0.719996
-0.699996
-0.679997
-0.639998
-0.639998
-0.619998
-0.599999
-0.579999
-0.56
-0.56
-0.56
-0.55
-0.54
-0.530001
-0.520001
-0.510001
-0.500001
-0.490002
-0.480002
-0.480002
-0.480002
-0.480002
-0.480002
-0.480002
-0.480002
-0.480002
-0.480002
-0.480002
-0.460002
-0.440003
-0.420003
-0.400004
-0.400004
-0.400004
-0.400004
-0.400004
-0.400004
-0.400004
-0.400004
-0.400004
-0.400004
-0.400004
-0.400004
-0.390004
-0.380004
-0.370005
-0.360005
-0.346672
-0.333339
-0.320006
-0.306673
-0.29334
-0.280007
-0.266674
-0.253341
-0.240008
-0.220008
-0.200009
-0.180009
-0.16001
-0.16001
-0.16001
-0.16001
-0.16001
-0.16001
-0.16001
-0.120011
-0.0800118
-0.0800118
-0.0800118
-0.0800118
-1.38283e-05
0.0399852
0.0799842
0.0799842
0.0799842
4
0
40
13
14
15
16
0
0
0
0
0
0
63
64
65
66
1
120.542
3
2
1
0
0
0
0
0
0
0
0
0
0
0
0
0
0
0
0
0
0
0
0
0
3
1
100
0.88
0.88
0.88
0.88
0.88
0.88
0.88
0.88
0.88
0.88
0.88
0.88
0.88
0.88
0.88
0.88
0.88
0.88
0.88
0.88
0.88
0.88
0.88
0.88
0.88
0.88
0.88
0.88
0.86
0.84
0.82
0.8
0.8
0.8
0.8
0.8
0.76
0.72
0.7
0.68
0.66
0.64
0.64
0.64
0.64
0.64
0.626667
0.613334
0.6
0.586667
0.573334
0.56
0.56
0.56
0.56
0.56
0.52
0.48
0.48
0.48
0.48
0.48
0.46
0.4
0.38
0.36
0.340001
0.320001
0.320001
0.300001
0.280001
0.240001
0.240001
0.240001
0.200001
0.160001
0.160001
0.160001
0.120001
0.0800008
0.0800008
0.0800008
0.0800008
0.0800008
0.0800008
8.34465e-07
8.34465e-07
8.34465e-07
8.34465e-07
8.34465e-07
8.34465e-07
8.34465e-07
8.34465e-07
8.34465e-07
8.34465e-07
8.34465e-07
8.34465e-07
8.34465e-07
8.34465e-07
8.34465e-07
3
0
40
9
10
11
12
0
0
0
0
0
0
59
60
61
62
1
90.4068
0
1
2
3
0
0
0
0
0
0
0
0
0
0
0
0
0
0
0
0
0
0
0
0
2
1
100
0
-0.16
-0.16
-0.16
-0.16
-0.16
-0.16
-0.16
-0.16
-0.16
-0.2
-0.24
-0.24
-0.24
-0.24
-0.24
-0.24
-0.24
-0.24
-0.28
-0.32
-0.32
-0.36
-0.38
-0.4
-0.4
-0.4
-0.4
-0.4
-0.4
-0.4
-0.4
-0.44
-0.46
-0.48
-0.48
-0.48
-0.48
-0.48
-0.48
-0.48
-0.48
-0.48
-0.48
-0.48
-0.48
-0.48
-0.48
-0.48
-0.48
-0.48
-0.48
-0.48
-0.48
-0.48
-0.48
-0.48
-0.48
-0.48
-0.48
-0.48
-0.48
-0.48
-0.48
-0.48
-0.48
-0.48
-0.48
-0.48
-0.48
-0.48
-0.48
-0.48
-0.48
-0.52
-0.56
-0.56
-0.56
-0.56
-0.56
-0.56
-0.56
-0.56
-0.56
-0.6
-0.64
-0.679999
-0.719999
-0.719999
-0.799999
-0.799999
-0.799999
-0.799999
-0.799999
-0.799999
-0.879999
-0.879999
-0.879999
-0.879999
-0.879999
2
0
12
5
6
7
8
0
0
55
56
57
58
1
38.7458
1
1
100
0
0
0
0.08
0.08
0.08
0.08
0.08
0.09
0.1
0.11
0.12
0.13
0.14
0.15
0.16
0.16
0.16
0.16
0.16
0.16
0.16
0.16
0.16
0.17
0.18
0.19
0.2
0.208
0.216
0.224
0.232
0.24
0.24
0.24
0.24
0.24
0.25
0.26
0.27
0.28
0.288
0.296
0.304
0.312
0.32
0.32
0.32
0.32
0.32
0.33
0.34
0.35
0.36
0.38
0.4
0.42
0.44
0.46
0.48
0.48
0.48
0.48
0.48
0.48
0.52
0.54
0.56
0.56
0.56
0.56
0.56
0.56
0.56
0.56
0.56
0.56
0.56
0.56
0.56
0.56
0.56
0.599999
0.619999
0.639999
0.639999
0.639999
0.639999
0.639999
0.639999
0.639999
0.639999
0.639999
0.639999
0.679999
0.719999
0.719999
0.719999
0.719999
0.799999
1
0
12
1
2
3
4
0
0
51
52
53
54
1
17.2203
