3103
1
0
512
500
600
700
800
505
606
707
808
0
0
0
0
0
0
0
0
0
0
0
0
0
0
0
0
0
0
0
0
0
0
0
0
0
0
0
0
0
0
0
0
0
0
0
0
0
0
0
0
0
0
0
0
0
0
0
0
0
0
0
0
0
0
0
0
0
0
0
0
0
0
0
0
0
0
0
0
0
0
0
0
0
0
0
0
0
0
0
0
0
0
0
0
0
0
0
0
0
0
0
0
0
0
0
0
0
0
0
0
0
0
0
0
0
0
0
0
0
0
0
0
0
0
0
0
0
0
0
0
0
0
0
0
0
0
0
0
0
0
0
0
0
0
0
0
0
0
0
0
0
0
0
0
0
0
0
0
0
0
0
0
0
0
0
0
0
0
0
0
0
0
0
0
0
0
0
0
0
0
0
0
0
0
0
0
0
0
0
0
0
0
0
0
0
0
0
0
0
0
0
0
0
0
0
0
0
0
0
0
0
0
0
0
0
0
0
0
0
0
0
0
0
0
0
0
0
0
0
0
0
0
0
0
0
0
0
0
0
0
0
0
0
0
0
0
0
0
0
0
0
0
0
0
0
0
0
0
0
0
0
0
0
0
0
0
0
0
0
0
0
0
0
0
0
0
0
0
0
0
0
0
0
0
0
0
0
0
0
0
0
0
0
0
0
0
0
0
0
0
0
0
0
0
0
0
0
0
0
0
0
0
0
0
0
0
0
0
0
0
0
0
0
0
0
0
0
0
0
0
0
0
0
0
0
0
0
0
0
0
0
0
0
0
0
0
0
0
0
0
0
0
0
0
0
0
0
0
0
0
0
0
0
0
0
0
0
0
0
0
0
0
0
0
0
0
0
0
0
0
0
0
0
0
0
0
0
0
0
0
0
0
0
0
0
0
0
0
0
0
0
0
0
0
0
0
0
0
0
0
0
0
0
0
0
0
0
0
0
0
0
0
0
0
0
0
0
0
0
0
0
0
0
0
0
0
0
0
0
0
0
0
0
0
0
0
0
0
0
0
0
0
0
0
0
0
0
0
0
0
0
0
0
0
0
0
0
0
0
0
0
0
0
0
0
0
0
0
0
0
0
0
0
0
0
0
0
0
0
0
0
0
0
0
0
0
0
0
0
0
0
0
0
0
0
0
0
0
0
0
0
0
0
0
1
1
3
0.1
0.5
0.7
3
1
512
0.349999
0.351587
0.353174
0.354761
0.356349
0.357936
0.359523
0.361111
0.362698
0.364285
0.365872
0.36746
0.369047
0.370634
0.372222
0.373809
0.375396
0.376984
0.378571
0.380158
0.381745
0.383333
0.38492
0.386507
0.388095
0.389682
0.391269
0.392857
0.394444
0.396031
0.397619
0.399206
0.400793
0.40238
0.403968
0.405555
0.407142
0.40873
0.410317
0.411904
0.413492
0.415079
0.416666
0.418253
0.419841
0.421428
0.423015
0.424603
0.42619
0.427777
0.429365
0.430952
0.432539
0.434126
0.435714
0.437301
0.438888
0.440476
0.442063
0.44365
0.445238
0.446825
0.448412
0.45
0.451563
0.453125
0.454688
0.45625
0.457813
0.459375
0.460938
0.4625
0.464063
0.465625
0.467188
0.46875
0.470313
0.471875
0.473438
0.475001
0.476563
0.478126
0.479688
0.481251
0.482813
0.484376
0.485938
0.487501
0.489063
0.490626
0.492188
0.493751
0.495313
0.496876
0.498438
0.500001
0.501563
0.503126
0.504688
0.506251
0.507813
0.509375
0.510938
0.5125
0.514063
0.515625
0.517188
0.51875
0.520313
0.521875
0.523438
0.525
0.526563
0.528125
0.529688
0.53125
0.532813
0.534375
0.535938
0.5375
0.539062
0.540625
0.542187
0.54375
0.545312
0.546875
0.548437
0.55
0.551923
0.553846
0.555769
0.557692
0.559615
0.561538
0.563461
0.565385
0.567308
0.569231
0.571154
0.573077
0.575
0.576923
0.578846
0.580769
0.582692
0.584615
0.586538
0.588462
0.590385
0.592308
0.594231
0.596154
0.598077
0.6
0.601923
0.603846
0.605769
0.607692
0.609615
0.611539
0.613462
0.615385
0.617308
0.619231
0.621154
0.623077
0.625
0.626923
0.628846
0.630769
0.632692
0.634616
0.636539
0.638462
0.640385
0.642308
0.644231
0.646154
0.648077
0.649999
0.65196
0.653921
0.655882
0.657842
0.659803
0.661764
0.663725
0.665686
0.667646
0.669607
0.671568
0.673529
0.67549
0.67745
0.679411
0.681372
0.683333
0.685294
0.687255
0.689215
0.691176
0.693137
0.695098
0.697059
0.699019
0.70098
0.702941
0.704902
0.706863
0.708824
0.710784
0.712745
0.714706
0.716667
0.718628
0.720588
0.722549
0.72451
0.726471
0.728432
0.730392
0.732353
0.734314
0.736275
0.738236
0.740197
0.742157
0.744118
0.746079
0.74804
0.750001
0.751317
0.752633
0.753949
0.755265
0.75658
0.757896
0.759212
0.760528
0.761843
0.763159
0.764475
0.765791
0.767106
0.768422
0.769738
0.771054
0.77237
0.773685
0.775001
0.776317
0.777633
0.778948
0.780264
0.78158
0.782896
0.784212
0.785527
0.786843
0.788159
0.789475
0.79079
0.792106
0.793422
0.794738
0.796053
0.797369
0.798685
0.800001
0.800001
0.800001
0.800001
0.800001
0.800001
0.800001
0.800001
0.800001
0.800001
0.800001
0.800001
0.800001
0.800001
0.800001
0.800001
0.800001
0.800001
0.800001
0.800001
0.800001
0.800001
0.800001
0.800001
0.800001
0.800001
0.800001
0.800001
0.800001
0.800001
0.800001
0.800001
0.800001
0.800001
0.800001
0.800001
0.800001
0.800001
0.800001
0.800001
0.804168
0.808334
0.812501
0.816668
0.820834
0.825001
0.829168
0.833334
0.837501
0.841668
0.845834
0.850001
0.853847
0.857693
0.861539
0.865386
0.869232
0.873078
0.876924
0.88077
0.884616
0.888463
0.892309
0.896155
0.900001
0.900001
0.900001
0.900001
0.900001
0.900001
0.900001
0.900001
0.900001
0.900001
0.900001
0.900001
0.900001
0.900001
0.900001
0.900001
0.900001
0.900001
0.900001
0.900001
0.900001
0.900001
0.900001
0.900001
0.900001
0.900001
0.900001
0.903847
0.907694
0.91154
0.915386
0.919232
0.923078
0.926924
0.930771
0.934617
0.938463
0.942309
0.946155
0.950002
0.954168
0.958335
0.962502
0.966668
0.970835
0.975002
0.979168
0.983335
0.987502
0.991668
0.995835
1
1
1
1
1
1
1
1
1
1
1
1
1
1
1
1
1
1
1
1
1
1
1
1
1
1
1
1
1
1
1
1
1
1
1
1
1
1
1
1
1
1
1
1
1
1
1
1
1
1
1
1
1
1
1
1
1
1
1
1
1
1
1
1
1
1
1
1
1
1
1
1
1
1
1
1
1
1
1
1
1
1
1
1
1
1
1
1
1
1
1
1
1
1
1
1
1
1
1
1
1
1
1
1
1
1
1
1
1
1
1
1
1
1
1
1
1
1
1
1
1
1
1
1
1
1
1
1
0.900001
3
0
512
0.450001
0.450001
0.450001
0.450001
0.450001
0.450001
0.450001
0.450001
0.450001
0.450001
0.450001
0.450001
0.800002
0.803848
0.807694
0.81154
0.815386
0.819232
0.823079
0.826925
0.830771
0.834617
0.838463
0.842309
0.846156
0.850002
0.853848
0.857694
0.86154
0.865386
0.869233
0.873079
0.876925
0.880771
0.884617
0.888463
0.89231
0.896156
0.900002
0.900002
0.900002
0.900002
0.900002
0.900002
0.900002
0.900002
0.900002
0.900002
0.900002
0.900002
0.900002
0.900002
0.900002
0.900002
0.900002
0.900002
0.900002
0.900002
0.900002
0.900002
0.900002
0.900002
0.900002
0.900002
0.900002
0.900002
0.900002
0.900002
0.900002
0.900002
0.900002
0.900002
0.900002
0.900002
0.900002
0.900002
0.900002
0.900002
0.900002
0.900002
0.900002
0.900002
0.900002
0.900002
0.900002
0.900002
0.900002
0.900002
0.900002
0.900002
0.900002
0.900002
0.900002
0.900002
0.900002
0.900002
0.900002
0.900002
0.900002
0.900002
0.900002
0.900002
0.900002
0.900002
0.900002
0.900002
0.900002
0.900002
0.900002
0.900002
0.900002
0.900002
0.900002
0.900002
0.900002
0.900002
0.900002
0.900002
0.900002
0.900002
0.900002
0.900002
0.900002
0.900002
0.900002
0.900002
0.900002
0.900002
0.900002
0.900002
0.900002
0.900002
0.900002
0.900002
0.900002
0.900002
0.900002
0.900002
0.900002
0.900002
0.900002
0.900002
0.900002
0.900002
0.900002
0.900002
0.900002
0.900002
0.900002
0.900002
0.900002
0.900002
0.900002
0.900002
0.898079
0.896156
0.894233
0.89231
0.890386
0.888463
0.88654
0.884617
0.882694
0.880771
0.878848
0.876925
0.875002
0.873079
0.871156
0.869233
0.867309
0.865386
0.863463
0.86154
0.859617
0.857694
0.855771
0.853848
0.851925
0.850002
0.848002
0.846002
0.844002
0.842002
0.840002
0.838002
0.836002
0.834002
0.832002
0.830002
0.828002
0.826002
0.824002
0.822002
0.820002
0.818002
0.816002
0.814002
0.812002
0.810002
0.808002
0.806002
0.804002
0.802002
0.800002
0.800002
0.800002
0.800002
0.800002
0.800002
0.800002
0.800002
0.800002
0.800002
0.800002
0.800002
0.800002
0.800002
0.800002
0.800002
0.800002
0.800002
0.800002
0.800002
0.800002
0.800002
0.800002
0.800002
0.800002
0.800002
0.800002
0.798002
0.796002
0.794002
0.792002
0.790002
0.788002
0.786002
0.784002
0.782002
0.780002
0.778002
0.776002
0.774002
0.772002
0.770002
0.768002
0.766002
0.764002
0.762002
0.760001
0.758001
0.756001
0.754001
0.752001
0.750001
0.748078
0.746155
0.744232
0.742309
0.740386
0.738463
0.73654
0.734617
0.732694
0.73077
0.728847
0.726924
0.725001
0.723078
0.721155
0.719232
0.717309
0.715386
0.713463
0.71154
0.709617
0.707693
0.70577
0.703847
0.701924
0.700001
0.700001
0.700001
0.700001
0.700001
0.700001
0.700001
0.700001
0.700001
0.700001
0.700001
0.700001
0.700001
0.700001
0.696155
0.692309
0.688463
0.684616
0.68077
0.676924
0.673078
0.669232
0.665386
0.661539
0.657693
0.653847
0.650001
0.645834
0.641667
0.637501
0.633334
0.629167
0.625001
0.620834
0.616667
0.612501
0.608334
0.604167
0.600001
0.600001
0.600001
0.600001
0.600001
0.600001
0.600001
0.600001
0.600001
0.600001
0.600001
0.600001
0.600001
0.600001
0.600001
0.600001
0.600001
0.600001
0.600001
0.600001
0.600001
0.600001
0.600001
0.600001
0.600001
0.600001
0.550001
0.546154
0.542308
0.538462
0.534616
0.53077
0.526924
0.523077
0.519231
0.515385
0.511539
0.507693
0.503847
0.5
0.496154
0.492308
0.488462
0.484616
0.48077
0.476923
0.473077
0.469231
0.465385
0.461539
0.457693
0.453846
0.45
0.445834
0.441667
0.4375
0.433334
0.429167
0.425
0.420833
0.416667
0.4125
0.408333
0.404167
0.4
0.4
0.4
0.4
0.4
0.4
0.4
0.4
0.4
0.4
0.4
0.4
0.4
0.4
0.4
0.4
0.4
0.4
0.4
0.4
0.4
0.4
0.4
0.4
0.4
0.4
0.4
0.396154
0.392308
0.388461
0.384615
0.380769
0.376923
0.373077
0.369231
0.365384
0.361538
0.357692
0.353846
0.35
0.346154
0.342307
0.338461
0.334615
0.330769
0.326923
0.323077
0.31923
0.315384
0.311538
0.307692
0.303846
0.3
0.3
0.3
0.3
0.3
0.3
0.3
0.3
0.3
0.3
0.3
0.3
0.3
0.3
0.3
0.3
0.3
0.3
0.3
0.3
0.3
0.3
0.3
0.3
0.3
0.3
0.3
0.3
0.3
0.3
0.3
0.3
0.3
0.3
0.3
0.3
0.3
0.3
0.3
0.3
0.3
0.3
0.3
0.3
0.3
0.3
0.3
0.3
0.3
0.3
0.3
0.3
0.296153
0.292307
0.288461
0.284615
0.280769
0.276923
0.273076
0.26923
0.265384
0.261538
0.257692
0.253846
0.249999
0.245833
0.241666
0.237499
0.233333
0.229166
0.224999
0.220833
0.216666
0.212499
0.208333
0.204166
0.0999988
2
1
512
0.3
0.3
0.3
0.3
0.3
0.3
0.3
0.3
0.3
0.3
0.3
0.3
0.3
0.3
0.3
0.3
0.3
0.3
0.3
0.3
0.3
0.3
0.3
0.3
0.3
0.3
0.3
0.3
0.3
0.3
0.3
0.3
0.3
0.3
0.3
0.3
0.3
0.3
0.3
0.3
0.3
0.3
0.3
0.3
0.3
0.3
0.3
0.3
0.3
0.3
0.3
0.3
0.3
0.3
0.3
0.3
0.3
0.3
0.3
0.3
0.3
0.3
0.3
0.3
0.3
0.3
0.3
0.3
0.3
0.3
0.3
0.3
0.3
0.3
0.3
0.3
0.3
0.3
0.3
0.3
0.3
0.3
0.3
0.3
0.3
0.3
0.3
0.3
0.3
0.3
0.3
0.3
0.3
0.3
0.3
0.3
0.3
0.3
0.3
0.3
0.3
0.3
0.3
0.3
0.3
0.3
0.3
0.3
0.3
0.3
0.3
0.3
0.3
0.3
0.3
0.3
0.3
0.3
0.3
0.3
0.3
0.3
0.3
0.3
0.3
0.3
0.3
0.3
0.3
0.3
0.3
0.3
0.3
0.3
0.3
0.3
0.3
0.3
0.3
0.3
0.3
0.299999
0.301315
0.302631
0.303947
0.305263
0.306578
0.307894
0.30921
0.310526
0.311842
0.313157
0.314473
0.315789
0.317105
0.318421
0.319736
0.321052
0.322368
0.323684
0.325
0.326315
0.327631
0.328947
0.330263
0.331579
0.332894
0.33421
0.335526
0.336842
0.338158
0.339473
0.340789
0.342105
0.343421
0.344737
0.346052
0.347368
0.348684
0.349999
0.351281
0.352564
0.353846
0.355128
0.35641
0.357692
0.358974
0.360256
0.361538
0.36282
0.364102
0.365384
0.366666
0.367948
0.36923
0.370512
0.371795
0.373077
0.374359
0.375641
0.376923
0.378205
0.379487
0.380769
0.382051
0.383333
0.384615
0.385897
0.387179
0.388461
0.389743
0.391026
0.392308
0.39359
0.394872
0.396154
0.397436
0.398718
0.4
0.402
0.404
0.406
0.408
0.41
0.412
0.414
0.416
0.418
0.42
0.422
0.424
0.426
0.428
0.43
0.432
0.434
0.436
0.438
0.44
0.442
0.444
0.446
0.448
0.45
0.453846
0.457693
0.461539
0.465385
0.469231
0.473077
0.476923
0.48077
0.484616
0.488462
0.492308
0.496154
0.5
0.503847
0.507693
0.511539
0.515385
0.519231
0.523077
0.526924
0.53077
0.534616
0.538462
0.542308
0.546154
0.55
0.552
0.554
0.556
0.558
0.56
0.562
0.564
0.566
0.568
0.57
0.572
0.574
0.576
0.578
0.58
0.582
0.584
0.586001
0.588001
0.590001
0.592001
0.594001
0.596001
0.598001
0.600001
0.600001
0.600001
0.600001
0.600001
0.600001
0.600001
0.600001
0.600001
0.600001
0.600001
0.600001
0.600001
0.600001
0.600001
0.600001
0.600001
0.600001
0.600001
0.600001
0.600001
0.600001
0.600001
0.600001
0.600001
0.600001
0.600001
0.600001
0.600001
0.600001
0.600001
0.600001
0.600001
0.600001
0.600001
0.600001
0.600001
0.600001
0.600001
0.600001
0.600001
0.600001
0.600001
0.600001
0.600001
0.600001
0.600001
0.600001
0.600001
0.600001
0.600001
0.600001
0.600001
0.600001
0.600001
0.600001
0.600001
0.600001
0.600001
0.600001
0.600001
0.600001
0.600001
0.600001
0.600001
0.603847
0.607693
0.611539
0.615385
0.619232
0.623078
0.626924
0.63077
0.634616
0.638462
0.642309
0.646155
0.650001
0.651924
0.653847
0.65577
0.657693
0.659616
0.661539
0.663463
0.665386
0.667309
0.669232
0.671155
0.673078
0.675001
0.676924
0.678847
0.68077
0.682693
0.684616
0.68654
0.688463
0.690386
0.692309
0.694232
0.696155
0.698078
0.700001
0.700001
0.700001
0.700001
0.700001
0.700001
0.700001
0.700001
0.700001
0.700001
0.700001
0.700001
0.700001
0.700001
0.700001
0.700001
0.700001
0.700001
0.700001
0.700001
0.700001
0.700001
0.700001
0.700001
0.700001
0.700001
0.700001
0.700001
0.700001
0.700001
0.700001
0.700001
0.700001
0.700001
0.700001
0.700001
0.700001
0.700001
0.700001
0.700001
0.700001
0.700001
0.700001
0.700001
0.700001
0.700001
0.700001
0.700001
0.700001
0.700001
0.700001
0.700001
0.700001
0.700001
0.700001
0.700001
0.700001
0.700001
0.700001
0.700001
0.700001
0.700001
0.700001
0.700001
0.700001
0.700001
0.700001
0.700001
0.700001
0.700001
0.700001
0.700001
0.700001
0.700001
0.700001
0.700001
0.700001
0.700001
0.700001
0.700001
0.700001
0.700001
0.700001
0.700001
0.700001
0.700001
0.700001
0.700001
0.700001
0.650001
0.646155
0.642309
0.638462
0.634616
0.63077
0.626924
0.623078
0.619232
0.615385
0.611539
0.607693
0.603847
0.600001
0.600001
0.600001
0.600001
0.600001
0.600001
0.600001
0.600001
0.600001
0.600001
0.600001
0.600001
0.600001
2
0
512
0.300001
0.300001
0.300001
0.300001
0.300001
0.300001
0.300001
0.300001
0.300001
0.300001
0.300001
0.300001
0.300001
0.300001
0.300001
0.300001
0.300001
0.300001
0.300001
0.300001
0.300001
0.300001
0.300001
0.300001
0.300001
0.300002
0.299352
0.298703
0.298053
0.297404
0.296755
0.296105
0.295456
0.294807
0.294157
0.293508
0.292859
0.292209
0.29156
0.29091
0.290261
0.289612
0.288962
0.288313
0.287664
0.287014
0.286365
0.285716
0.285066
0.284417
0.283767
0.283118
0.282469
0.281819
0.28117
0.280521
0.279871
0.279222
0.278573
0.277923
0.277274
0.276624
0.275975
0.275326
0.274676
0.274027
0.273378
0.272728
0.272079
0.27143
0.27078
0.270131
0.269481
0.268832
0.268183
0.267533
0.266884
0.266235
0.265585
0.264936
0.264287
0.263637
0.262988
0.262338
0.261689
0.26104
0.26039
0.259741
0.259092
0.258442
0.257793
0.257144
0.256494
0.255845
0.255195
0.254546
0.253897
0.253247
0.252598
0.251949
0.251299
0.25065
0.250001
0.249343
0.248685
0.248027
0.247369
0.246711
0.246053
0.245396
0.244738
0.24408
0.243422
0.242764
0.242106
0.241448
0.24079
0.240132
0.239474
0.238817
0.238159
0.237501
0.236843
0.236185
0.235527
0.234869
0.234211
0.233553
0.232895
0.232238
0.23158
0.230922
0.230264
0.229606
0.228948
0.22829
0.227632
0.226974
0.226316
0.225659
0.225001
0.224343
0.223685
0.223027
0.222369
0.221711
0.221053
0.220395
0.219737
0.21908
0.218422
0.217764
0.217106
0.216448
0.21579
0.215132
0.214474
0.213816
0.213158
0.212501
0.211843
0.211185
0.210527
0.209869
0.209211
0.208553
0.207895
0.207237
0.206579
0.205922
0.205264
0.204606
0.203948
0.20329
0.202632
0.201974
0.201316
0.200658
0.2
0.2
0.2
0.2
0.2
0.2
0.2
0.2
0.2
0.2
0.2
0.2
0.2
0.2
0.2
0.2
0.2
0.2
0.2
0.2
0.2
0.2
0.2
0.2
0.2
0.2
0.2
0.2
0.2
0.2
0.2
0.2
0.2
0.2
0.2
0.2
0.2
0.2
0.2
0.2
0.2
0.2
0.2
0.2
0.2
0.2
0.2
0.2
0.2
0.2
0.2
0.2
0.2
0.2
0.2
0.2
0.2
0.2
0.2
0.2
0.2
0.2
0.2
0.2
0.2
0.2
0.2
0.2
0.2
0.2
0.2
0.2
0.2
0.2
0.2
0.2
0.2
0.2
0.2
0.2
0.2
0.2
0.2
0.2
0.2
0.2
0.2
0.2
0.2
0.2
0.2
0.2
0.2
0.2
0.2
0.2
0.2
0.2
0.2
0.2
0.2
0.2
0.2
0.2
0.2
0.2
0.2
0.2
0.2
0.2
0.2
0.2
0.2
0.2
0.2
0.2
0.2
0.2
0.2
0.2
0.2
0.2
0.2
0.2
0.2
0.2
0.2
0.2
0.2
0.2
0.2
0.2
0.2
0.2
0.2
0.2
0.2
0.2
0.2
0.2
0.2
0.2
0.2
0.2
0.2
0.2
0.2
0.2
0.2
0.2
0.2
0.2
0.2
0.2
0.2
0.2
0.2
0.2
0.2
0.2
0.2
0.2
0.2
0.2
0.2
0.2
0.2
0.2
0.2
0.2
0.2
0.2
0.2
0.2
0.2
0.2
0.2
0.2
0.2
0.2
0.2
0.2
0.2
0.2
0.2
0.2
0.2
0.2
0.2
0.2
0.2
0.2
0.2
0.2
0.2
0.2
0.2
0.2
0.2
0.2
0.2
0.2
0.2
0.2
0.2
0.2
0.2
0.2
0.2
0.2
0.2
0.2
0.2
0.2
0.2
0.2
0.2
0.2
0.2
0.2
0.2
0.2
0.2
0.2
0.2
0.2
0.2
0.2
0.2
0.2
0.2
0.2
0.2
0.2
0.2
0.2
0.2
0.2
0.2
0.2
0.2
0.2
0.2
0.2
0.2
0.2
0.2
0.2
0.2
0.2
0.2
0.2
0.2
0.2
0.2
0.2
0.2
0.2
0.2
0.2
0.2
0.2
0.2
0.2
0.2
0.2
0.2
0.2
0.2
0.2
0.2
0.2
0.2
0.2
0.2
0.2
0.2
0.2
0.2
0.2
0.2
0.2
0.2
0.2
0.2
0.2
0.2
0.2
0.2
0.2
0.2
0.2
0.2
0.2
0.2
0.2
0.2
0.2
0.2
0.2
0.2
0.2
0.2
0.2
0.2
0.2
0.2
0.2
0.2
0.2
0.2
0.2
0.2
0.2
0.2
0.2
0.2
0.2
0.2
0.2
0.2
0.2
0.2
0.2
0.2
0.2
0.2
0.2
0.2
0.2
0.2
0.2
0.2
0.400001
0
0
512
100
200
300
400
101
202
303
404
0
0
0
0
0
0
0
0
0
0
0
0
0
0
0
0
0
0
0
0
0
0
0
0
0
0
0
0
0
0
0
0
0
0
0
0
0
0
0
0
0
0
0
0
0
0
0
0
0
0
0
0
0
0
0
0
0
0
0
0
0
0
0
0
0
0
0
0
0
0
0
0
0
0
0
0
0
0
0
0
0
0
0
0
0
0
0
0
0
0
0
0
0
0
0
0
0
0
0
0
0
0
0
0
0
0
0
0
0
0
0
0
0
0
0
0
0
0
0
0
0
0
0
0
0
0
0
0
0
0
0
0
0
0
0
0
0
0
0
0
0
0
0
0
0
0
0
0
0
0
0
0
0
0
0
0
0
0
0
0
0
0
0
0
0
0
0
0
0
0
0
0
0
0
0
0
0
0
0
0
0
0
0
0
0
0
0
0
0
0
0
0
0
0
0
0
0
0
0
0
0
0
0
0
0
0
0
0
0
0
0
0
0
0
0
0
0
0
0
0
0
0
0
0
0
0
0
0
0
0
0
0
0
0
0
0
0
0
0
0
0
0
0
0
0
0
0
0
0
0
0
0
0
0
0
0
0
0
0
0
0
0
0
0
0
0
0
0
0
0
0
0
0
0
0
0
0
0
0
0
0
0
0
0
0
0
0
0
0
0
0
0
0
0
0
0
0
0
0
0
0
0
0
0
0
0
0
0
0
0
0
0
0
0
0
0
0
0
0
0
0
0
0
0
0
0
0
0
0
0
0
0
0
0
0
0
0
0
0
0
0
0
0
0
0
0
0
0
0
0
0
0
0
0
0
0
0
0
0
0
0
0
0
0
0
0
0
0
0
0
0
0
0
0
0
0
0
0
0
0
0
0
0
0
0
0
0
0
0
0
0
0
0
0
0
0
0
0
0
0
0
0
0
0
0
0
0
0
0
0
0
0
0
0
0
0
0
0
0
0
0
0
0
0
0
0
0
0
0
0
0
0
0
0
0
0
0
0
0
0
0
0
0
0
0
0
0
0
0
0
0
0
0
0
0
0
0
0
0
0
0
0
0
0
0
0
0
0
0
0
0
0
0
0
0
0
0
0
0
0
0
0
0
0
0
0
0
0
0
0
0
0
0
0
0
0
0
0
0
0
0
0
0
0
0
1
3
0.699998
0.4
0.200001
